1.012641317630877434e-03
8.738160772756399519e-02
1.540681202609881228e-01
2.065878421801227161e-01
2.444054992042977159e-01
2.946048844363980401e-01
3.413828784448912912e-01
3.828367917550287713e-01
4.301493587299775601e-01
4.669888902210586057e-01
5.098316417677185575e-01
5.511214531507996339e-01
5.946615187236730105e-01
6.508598420484303926e-01
7.148284408304230730e-01
7.662427225192494085e-01
8.204196930613251171e-01
8.802018208135984345e-01
9.457622558119718192e-01
1.006588262407319689e+00
1.060077164293574903e+00
1.129780853554858799e+00
1.201610679003262794e+00
1.244892650036713677e+00
1.308513359901046114e+00
1.366668504486208580e+00
1.459729572117864249e+00
1.535749953600157092e+00
1.637058229762936801e+00
1.716265092850685292e+00
1.806441251112926416e+00
1.910292176677536702e+00
2.014929243302018946e+00
2.084498934646806578e+00
2.159770803522093718e+00
2.230781956140386768e+00
2.295739792715826955e+00
2.387187376534673611e+00
2.477664334742476271e+00
2.563319325557882333e+00
2.660791109743053440e+00
2.736721248910575444e+00
2.800795438079773714e+00
2.871100867681961599e+00
2.942002571339260353e+00
3.026046816980315857e+00
3.116768051711321874e+00
3.191590795312297946e+00
3.271399542198533794e+00
3.374368853685907776e+00
3.471790264688958239e+00
3.549900611627425651e+00
3.658287116133571271e+00
3.773650814968156020e+00
3.874995418161104599e+00
3.968451478035882829e+00
4.062423146894414749e+00
4.157778173274509825e+00
4.222675709074161787e+00
4.300895771996084527e+00
4.384981641480734105e+00
4.466222823653968277e+00
4.552008870573029498e+00
4.641590739172590574e+00
4.759730988535615381e+00
4.904115718486633746e+00
5.039086042013609656e+00
5.170743767981768713e+00
5.314159109459288821e+00
5.465024508287292804e+00
5.616927076667684204e+00
5.807154181152733408e+00
5.949517420238837673e+00
6.128352937344093476e+00
6.302747164988489637e+00
6.445185636783145711e+00
6.626945593238725785e+00
6.801612054929144335e+00
6.944012124400055441e+00
7.070078829815090948e+00
7.236625646183264315e+00
7.400746602945183383e+00
7.537596839179334651e+00
7.668270355055434528e+00
7.817374438626900179e+00
7.944343121089189275e+00
8.068785130211383105e+00
8.165283406946755917e+00
8.276261975731062037e+00
8.383927697687367342e+00
8.466311071010130362e+00
8.564423970860325142e+00
8.665620614501781560e+00
8.771828370896715299e+00
8.860805121994260958e+00
8.935438898630600590e+00
9.025715057897759408e+00
9.117119713788277124e+00
9.206758829618976847e+00
9.299104221178717822e+00
9.412181490018786789e+00
9.536168686081083479e+00
9.657053817141585839e+00
9.759345482023704221e+00
9.852053781119600728e+00
9.937519925583780278e+00
1.001828446158524066e+01
1.008667750064966206e+01
1.018735690588864351e+01
1.027420733879790227e+01
1.034386181334452637e+01
1.041275037254998992e+01
1.048622027678344537e+01
1.055588990681248873e+01
1.065109188501662629e+01
1.074223392358349649e+01
1.084286110823242133e+01
1.092924276039257769e+01
1.104104551419930580e+01
1.113714833449097164e+01
1.122359410707055538e+01
1.132311595758164380e+01
1.143100891717356760e+01
1.154874776442869688e+01
1.165350028909630886e+01
1.172537995691428314e+01
1.181607685458679668e+01
1.192263739456835303e+01
1.201209620789115817e+01
1.210569479250501601e+01
1.220631963543425869e+01
1.229315759339845293e+01
1.238186088191045719e+01
1.248012793594190128e+01
1.256081401082625071e+01
1.263742428733978862e+01
1.272561866999661540e+01
1.280427072262821575e+01
1.287951010970567900e+01
1.296175376729759776e+01
1.302886811148160362e+01
1.307497916662416237e+01
1.310831593409273665e+01
1.315245696341016668e+01
1.320875608743183705e+01
1.326082572712195606e+01
1.332354368189326621e+01
1.337865609947409062e+01
1.345741297743691867e+01
1.353538547802163095e+01
1.359118296727006658e+01
1.367377335508468228e+01
1.372201067197530477e+01
1.378392681486068483e+01
1.385181538861598227e+01
1.392298850953735645e+01
1.397789968414834760e+01
1.403525851844475625e+01
1.410729488311458724e+01
1.417574215422994754e+01
1.424962861091737309e+01
1.434951125639587488e+01
1.443187981131050535e+01
1.451607921964779813e+01
1.464255245616161716e+01
1.473817133664106471e+01
1.483867349883239584e+01
1.493730453397761515e+01
1.505696825600935718e+01
1.514983093832428196e+01
1.526408415397404994e+01
1.536955707471071442e+01
1.543978478812781319e+01
1.557997907028243390e+01
1.569394308729318688e+01
1.579394135835682889e+01
1.590060809334277181e+01
1.603579719158430095e+01
1.616020459017851252e+01
1.625078677980365427e+01
1.636625940283070690e+01
1.646926292172798156e+01
1.655245995429991268e+01
1.663903985149678633e+01
1.670287026831346822e+01
1.676167730445959592e+01
1.681695792689212254e+01
1.689291800047495329e+01
1.691248130669166017e+01
1.691857854043774267e+01
1.695262730180247601e+01
1.700355542771551853e+01
1.705566292735206346e+01
1.711742267041774568e+01
1.717439628681879782e+01
1.722068741676725523e+01
1.728007648011180208e+01
1.733694216564018475e+01
1.739722218463942127e+01
1.745224602961117100e+01
1.750405760028551327e+01
1.754071679597591427e+01
1.757241821100317480e+01
1.760466012380406298e+01
1.765867111173478321e+01
1.773407664675722017e+01
1.779056785143789199e+01
1.785961583175626899e+01
1.792803973450396526e+01
1.796944380507767747e+01
1.800864104413547295e+01
1.802419202322528591e+01
1.805902955285238676e+01
1.812131921375268817e+01
1.820202223641058481e+01
1.829072972403599096e+01
1.836776001703522354e+01
1.841696209426173780e+01
1.849135663074845937e+01
1.854075861046611351e+01
1.862998753543272201e+01
1.870164416678841590e+01
1.874481888225951565e+01
1.878286792815559991e+01
1.881603080549734130e+01
1.887060622709278590e+01
1.888986679036861815e+01
1.893862653925064166e+01
1.901578728499932680e+01
1.907625932904029753e+01
1.911953799382177621e+01
1.915749216345717443e+01
1.922004343040406837e+01
1.927342214262876041e+01
1.929277603604042568e+01
1.930957135640662869e+01
1.934630276827287787e+01
1.938960479464693876e+01
1.941790395985980311e+01
1.945421215631473899e+01
1.952160363936706133e+01
1.957810137265240158e+01
1.963223757166865724e+01
1.969642333217349162e+01
1.976404118733163529e+01
1.982426283682217161e+01
1.989266205284805267e+01
1.991797744399792336e+01
1.994521824846916402e+01
1.998790091842890959e+01
1.999816125269177647e+01
2.001167325864137325e+01
2.004517651064848849e+01
2.009815280809719695e+01
2.012664318766573857e+01
2.016028817059111589e+01
2.021337261464947588e+01
2.025425388439448682e+01
2.032020647028889115e+01
2.040491993414509864e+01
2.046509429068622410e+01
2.048628634092849055e+01
2.049926741121732476e+01
2.055764959196484654e+01
2.062618533249595743e+01
2.065146040712844666e+01
2.072279653776401176e+01
2.079185458315696522e+01
2.086982854278582522e+01
2.091460701288177404e+01
2.096620062521029126e+01
2.103721720382474203e+01
2.107802505248548641e+01
2.111812753818102095e+01
2.115601426214464809e+01
2.119787222524597325e+01
2.128622865511530549e+01
2.134487445403435757e+01
2.137225215225160824e+01
2.138433937190579570e+01
2.139966539869237394e+01
2.142863003493685525e+01
2.144995123193805142e+01
2.145881072179286875e+01
2.147118653000927679e+01
2.147752704724331707e+01
2.149691922088004148e+01
2.148455253958082167e+01
2.145399872326952817e+01
2.144871775119081292e+01
2.144813001030722432e+01
2.147468159615290162e+01
2.147338127920561845e+01
2.148115760273561747e+01
2.148068789430324088e+01
2.150301554843133545e+01
2.149855118052252578e+01
2.147297954405578224e+01
2.145114581400732234e+01
2.144563326458161612e+01
2.145183584129624776e+01
2.147019443897319135e+01
2.147815394775320286e+01
2.147875183150603462e+01
2.146806860908245795e+01
2.150049838487502640e+01
2.152456665456028517e+01
2.152224520993935641e+01
2.150999906776079129e+01
2.154235527543763595e+01
2.159171472879251397e+01
2.160678606197544127e+01
2.161722666818507221e+01
2.166174852383617733e+01
2.169483732190977321e+01
2.173906274479483258e+01
2.178782116494555865e+01
2.185084661522096994e+01
2.190569258495676053e+01
2.197430410748221163e+01
2.204691058160486250e+01
2.208868838986476391e+01
2.212663149191300249e+01
2.218588926226790647e+01
2.227704455978781795e+01
2.232682257424684380e+01
2.237043322425532210e+01
2.243764887317588830e+01
2.252094020745390068e+01
2.258936277081729571e+01
2.268844253263887722e+01
2.273867514116816579e+01
2.279761010323651504e+01
2.287837003031702210e+01
2.294257813399094204e+01
2.300793366885813995e+01
2.304313441807202878e+01
2.306498888324363250e+01
2.311095500783576284e+01
2.314330842894501927e+01
2.316972595787180467e+01
2.319907107746264074e+01
2.322578417280474383e+01
2.326529402453344630e+01
2.327413662079622725e+01
2.329820588176383467e+01
2.333522880247083009e+01
2.339152470571606202e+01
2.344671834594076287e+01
2.349372864869731359e+01
2.354423824981408941e+01
2.358223739760769533e+01
2.361956494273108476e+01
2.366239570554075300e+01
2.370357111280526752e+01
2.371763100224044507e+01
2.373379457868657028e+01
2.377122243663143664e+01
2.379273680374316768e+01
2.379932070762230367e+01
2.379942860535492244e+01
2.381593190273544280e+01
2.383081532521492463e+01
2.383927718759285241e+01
2.383338427068060028e+01
2.380930505375792450e+01
2.382815780116473903e+01
2.385561855554130872e+01
2.388186406272602724e+01
2.391119242720923310e+01
2.392603633764239390e+01
2.395814983436307699e+01
2.398530443627441500e+01
2.398876201544361564e+01
2.399041733651679920e+01
2.397889162977457644e+01
2.397267123686174628e+01
2.394357552030679415e+01
2.391553293650141754e+01
2.391537520204372314e+01
2.391882522685093093e+01
2.388594394787254771e+01
2.384791886199005262e+01
2.383197106842122182e+01
2.382049403099730256e+01
2.377891183700689481e+01
2.374702456417617213e+01
2.372318193792869678e+01
2.370487542155268201e+01
2.370390740821967412e+01
2.370848776037904315e+01
2.370171251545849955e+01
2.370923958588753422e+01
2.373151778349732055e+01
2.373151650969615645e+01
2.374445672892716530e+01
2.376983835872201212e+01
2.382278334167538958e+01
2.387315970422600486e+01
2.391465126441415023e+01
2.394520663215250522e+01
2.399792282016636236e+01
2.404151332369098881e+01
2.406558546326736803e+01
2.408981115850603061e+01
2.413335412691908033e+01
2.415965475570292753e+01
2.417851949418819046e+01
2.418858640330846654e+01
2.421734537710652901e+01
2.425626139557777705e+01
2.428389086269045904e+01
2.430513064843262327e+01
2.431503714571503849e+01
2.433374183949209169e+01
2.439505061428907240e+01
2.444776046523213608e+01
2.448853203702928738e+01
2.451954961980726111e+01
2.455341989824182392e+01
2.458828853522946289e+01
2.459495196515078064e+01
2.465158953414775667e+01
2.469656913913132357e+01
2.475897320421417902e+01
2.480045985439723211e+01
2.483801513721465781e+01
2.485850986049103994e+01
2.487460985695629390e+01
2.487846356359237987e+01
2.485992058946347072e+01
2.484036339970747420e+01
2.486016925460550198e+01
2.487144543903232119e+01
2.490190234607002751e+01
2.493798191039354606e+01
2.496421521207373573e+01
2.499655755057524686e+01
2.500595434739079437e+01
2.502232984900565427e+01
2.505738300222757076e+01
2.509969122675457953e+01
2.512502810390532559e+01
2.515269972124333364e+01
2.516508646742985889e+01
2.519736932669738039e+01
2.523960167440332469e+01
2.527430677653163826e+01
2.531885186574415059e+01
2.535699817614231222e+01
2.540215782989841031e+01
2.544482002462052961e+01
2.546102582862488717e+01
2.550093675087973111e+01
2.552976965828342770e+01
2.554811977566318859e+01
2.558417088587936306e+01
2.564592970887654388e+01
2.569034396525719899e+01
2.573707502379765799e+01
2.577087334841837318e+01
2.579409350635769371e+01
2.581226335525967031e+01
2.580379793624724982e+01
2.582524432752117605e+01
2.584017683791533315e+01
2.585352865521862498e+01
2.587323042589662236e+01
2.590158105530123933e+01
2.592939548990511867e+01
2.595411595882120892e+01
2.597820748566449467e+01
2.600809116178752944e+01
2.606314071182286796e+01
2.609810034092660302e+01
2.611541435252008725e+01
2.613983087356689339e+01
2.619581823258790365e+01
2.626246636160557202e+01
2.627797996504401112e+01
2.629509739640448984e+01
2.634491487968993084e+01
2.642824225128031657e+01
2.648277025898535442e+01
2.651004558948263679e+01
2.652425254160531409e+01
2.657113414718889999e+01
2.662045112153754545e+01
2.665090719460791036e+01
2.664694224538625278e+01
2.665546962032289358e+01
2.670200517346895452e+01
2.672530808896837584e+01
2.673618718193131372e+01
2.676844765164882034e+01
2.679887821508117085e+01
2.684125385114792195e+01
2.687612184214984978e+01
2.690178769029442307e+01
2.691260940129470924e+01
2.697189367671200344e+01
2.703759868457079918e+01
2.710256321117672229e+01
2.712930884659801478e+01
2.714571977750090781e+01
2.716550216932002471e+01
2.716602442986275889e+01
2.718463733031785878e+01
2.719894899256463816e+01
2.720360706347618773e+01
2.724077658828990423e+01
2.728914047940095600e+01
2.732380325109387442e+01
2.736299952021962767e+01
2.739629285007858783e+01
2.740594539469588753e+01
2.745177560214587942e+01
2.749905423462870147e+01
2.753576495886269626e+01
2.756339268801556486e+01
2.757002710038314319e+01
2.759722745934577404e+01
2.762052168623856829e+01
2.762368864230032273e+01
2.765904203034954278e+01
2.774172135916357007e+01
2.780654124010865047e+01
2.783720262999848316e+01
2.787785474240947181e+01
2.791587080286338107e+01
2.796525202267766375e+01
2.799806180498763908e+01
2.801821396942061426e+01
2.802482626120418985e+01
2.801882613548369250e+01
2.800680689172859417e+01
2.798976496273121839e+01
2.799125268366708852e+01
2.803429124870616462e+01
2.808443296640768594e+01
2.810419496694244401e+01
2.813144470953529819e+01
2.818258038702684587e+01
2.820605778481031223e+01
2.819737100865811996e+01
2.822639534227818814e+01
2.827560625551807050e+01
2.828714974484651989e+01
2.830621204640011968e+01
2.833255414710390596e+01
2.838195653652533679e+01
2.841258367508685367e+01
2.844787644957167316e+01
2.848526019828872080e+01
2.849612989234782745e+01
2.850215444464079084e+01
2.854678557003977701e+01
2.858760228772948864e+01
2.857805032472557727e+01
2.856596699201165279e+01
2.857461602656809063e+01
2.860758286450600352e+01
2.863473936179714485e+01
2.865303842366958165e+01
2.864544515693322424e+01
2.864080231835505330e+01
2.864223462998209513e+01
2.865364484120465605e+01
2.865879294430571989e+01
2.865487812739302598e+01
2.865362049567873015e+01
2.863308635390040280e+01
2.860560290983868015e+01
2.859439719489008880e+01
2.858351663964581846e+01
2.856142767485307843e+01
2.855256927261068967e+01
2.854564800511804279e+01
2.854978390968183533e+01
2.859926723208135613e+01
2.863469214431784593e+01
2.866691221746176410e+01
2.869674013153993641e+01
2.870193711458476571e+01
2.873741275374587545e+01
2.879454136979189016e+01
2.882508581481810950e+01
2.883744571422021963e+01
2.884977753876857776e+01
2.890025367688523161e+01
2.895792873422520586e+01
2.899547948724989865e+01
2.905755993537324144e+01
2.910350224675070763e+01
2.911869465536232227e+01
2.912970808069963269e+01
2.913395506498188325e+01
2.917892328733460516e+01
2.923949214914627959e+01
2.927445561201295376e+01
2.929140471669141377e+01
2.931105913393622231e+01
2.930222824509717583e+01
2.926901165088579404e+01
2.927335803017975024e+01
2.929347140501140956e+01
2.930343258026273290e+01
2.931989099923706021e+01
2.933173199064779624e+01
2.935555644973507228e+01
2.937285409175493101e+01
2.936014264918664551e+01
2.936513127836043324e+01
2.937449379849346442e+01
2.937497461363909323e+01
2.939459145887365210e+01
2.936871053652466657e+01
2.933062082002813398e+01
2.931147478222966285e+01
2.931509765795015454e+01
2.932508469042279486e+01
2.932411915057668494e+01
2.931092252959623679e+01
2.928959351704954628e+01
2.931468406259903858e+01
2.931351944105363572e+01
2.930573017476606879e+01
2.931407323397431242e+01
2.933516900346886302e+01
2.932590867687103042e+01
2.930685835233581216e+01
2.928960766607810839e+01
2.927700786812657086e+01
2.928358547167935200e+01
2.930013996744764881e+01
2.931145944406402748e+01
2.934402222215745937e+01
2.937253799793112563e+01
2.939887456539809563e+01
2.943307424107188552e+01
2.945483691844427909e+01
2.949893382985659329e+01
2.954964205945886491e+01
2.959361837542134666e+01
2.961940923016532423e+01
2.963540589064790609e+01
2.967255560082523047e+01
2.968970903603177547e+01
2.970080040895858531e+01
2.969939087019710655e+01
2.970349282125069834e+01
2.971352463191648496e+01
2.973896079680010729e+01
2.979078507737691339e+01
2.984720031083664082e+01
2.987644311089582061e+01
2.985471300189583133e+01
2.987145809696790266e+01
2.991977877920961859e+01
2.994805646560596912e+01
2.996038111957123817e+01
2.998374771001926931e+01
2.999251095882392448e+01
3.001367611049400708e+01
3.003095712087763758e+01
3.001709843120498888e+01
3.002307452203375249e+01
3.002752861016559649e+01
3.001594278178759723e+01
3.004361123350678042e+01
3.004743710016382607e+01
3.004858516493013099e+01
3.004628522594632756e+01
3.005027105809418586e+01
3.002691642960634866e+01
3.000328084561736119e+01
3.000700238057665459e+01
3.005368138427584057e+01
3.004909175931243226e+01
3.002857974472037483e+01
3.000580119113424615e+01
3.000630835912641459e+01
3.000412530497104058e+01
2.999903597529416288e+01
3.001341555642915893e+01
3.001751273009870147e+01
3.004546585426851024e+01
3.004118511170855044e+01
3.004531159247933658e+01
3.004136249737587505e+01
3.005544642342790951e+01
3.005871314918988446e+01
3.005054509075646507e+01
3.007283686061472849e+01
3.007453799095783609e+01
3.007107985727842703e+01
3.009482519678187984e+01
3.007572104261552681e+01
3.005851315374916410e+01
3.006117029236989424e+01
3.006353008047413766e+01
3.007213970593686625e+01
3.008809241031212878e+01
3.010484149774882212e+01
3.011733292422683306e+01
3.012358480377923087e+01
3.013047625017606990e+01
3.014088855202701467e+01
3.015575768337820506e+01
3.016489419054544641e+01
3.016272733845347531e+01
3.017134134370334309e+01
3.018537648793803285e+01
3.020975014311108353e+01
3.022057997156672471e+01
3.023371097116483242e+01
3.023249352786844923e+01
3.022455487742641367e+01
3.022430155298314247e+01
3.022618021277364164e+01
3.022684382081494192e+01
3.025867067559688550e+01
3.030455253792789705e+01
3.030923123012444975e+01
3.032444823017217317e+01
3.034121487405427686e+01
3.034821961548221125e+01
3.036577228401082706e+01
3.037396130857911558e+01
3.038969419634009128e+01
3.041601388377719672e+01
3.042494340413641396e+01
3.038469964273628676e+01
3.036584138852971293e+01
3.035670746169030210e+01
3.033686374653890994e+01
3.033417224647567423e+01
3.034891954518835533e+01
3.035276714319781632e+01
3.034138610349187104e+01
3.030386288336897493e+01
3.029440611513701143e+01
3.028260256469060252e+01
3.030396031422094083e+01
3.026900316269255242e+01
3.019560018795705503e+01
3.016365031032346167e+01
3.015909716374418181e+01
3.012837431227461948e+01
3.007561325405328745e+01
3.006286854751878224e+01
3.005362763559566375e+01
3.003476705611753772e+01
3.000824297976245347e+01
3.000847108212171577e+01
3.000198958566192786e+01
2.998534814347842570e+01
2.994818043477145153e+01
2.992273160495540552e+01
2.991479050103639281e+01
2.992076118217894276e+01
2.994754397996350548e+01
2.998481687952723718e+01
3.000391699193588124e+01
2.999716914534937118e+01
3.000749175758843279e+01
3.001876935486532716e+01
3.001621409400472729e+01
3.003876338310352523e+01
3.010866850566729980e+01
3.014126567306583482e+01
3.018615241701795782e+01
3.021340998379920606e+01
3.022324886472647165e+01
3.019954012855001224e+01
3.020857273363766637e+01
3.022538156387376063e+01
3.022256179034735979e+01
3.020583528846307075e+01
3.019904100526429858e+01
3.015252281734006701e+01
3.012491509322894601e+01
3.011468144433149874e+01
3.010093322200639676e+01
3.009499082635693412e+01
3.008633886242561317e+01
3.011093192292046439e+01
3.011530903575771845e+01
3.010805596876110357e+01
3.012056597055544316e+01
3.012540964378230868e+01
3.013120441161961338e+01
3.012050286178605418e+01
3.013110640679403218e+01
3.012414784506897902e+01
3.014255130716932385e+01
3.016633848418086927e+01
3.019086524421562601e+01
3.019574122303317765e+01
3.018760769206561534e+01
3.020176276662149206e+01
3.020993151750011663e+01
3.021261655990322126e+01
3.022718422922858394e+01
3.023082532988074433e+01
3.026309789829286601e+01
3.028313117540683308e+01
3.032018678157033875e+01
3.035504955960630369e+01
3.036059674365408512e+01
3.038081921884010583e+01
3.038937920070368648e+01
3.038265924097092352e+01
3.036015651427539908e+01
3.035221858026081776e+01
3.035787308899314141e+01
3.033709299536735315e+01
3.031763719888423481e+01
3.029484343053000117e+01
3.029188183577760185e+01
3.029756772716674718e+01
3.025876957630988429e+01
3.024261984402044945e+01
3.021435813916684410e+01
3.018937793676758830e+01
3.017062929001068383e+01
3.015207057574225757e+01
3.015226861391453994e+01
3.013568174903992869e+01
3.011858648987188758e+01
3.010009651236215689e+01
3.008401477568170179e+01
3.006598351322593388e+01
3.005847437702869129e+01
3.006049246278465503e+01
3.004917788633866493e+01
3.000870091685570884e+01
3.001188922355443367e+01
3.004474578514269822e+01
3.005728389954787971e+01
3.005246074687745050e+01
3.003311524716998804e+01
3.003983669835691828e+01
3.007329122521512588e+01
3.007740553658292981e+01
3.007805855581884202e+01
3.008127507982679560e+01
3.009283321616862494e+01
3.010734405322407881e+01
3.011351744408875319e+01
3.010425611489464259e+01
3.009755648676071260e+01
3.008428751206541207e+01
3.009990190989518766e+01
3.012377392868150139e+01
3.010194821186478364e+01
3.008413678888694065e+01
3.005680215275350164e+01
3.005291186912605639e+01
3.004906513378499255e+01
3.004201931336238829e+01
3.003981104047727868e+01
3.004679132312218215e+01
3.003755882352972151e+01
3.004240151314262519e+01
3.006523302688730936e+01
3.004752746614649084e+01
3.004152536797194983e+01
3.001885493863131771e+01
3.000780651189148429e+01
2.997171215059862348e+01
2.997390543898131554e+01
3.000621489744812465e+01
3.002890709143253289e+01
3.003177418637470808e+01
3.003705488046314542e+01
3.003852646261914572e+01
3.005141352762044704e+01
3.006655597317386608e+01
3.007725695920801101e+01
3.007478106714050625e+01
3.007420870129728385e+01
3.008537917508383686e+01
3.008222029573786571e+01
3.008293612388147409e+01
3.009774031006996253e+01
3.007094795021634681e+01
3.007996794194239953e+01
3.010194745043177988e+01
3.010809559890586584e+01
3.011321826446604177e+01
3.010263797009386622e+01
3.010992721142115158e+01
3.012929410008500852e+01
3.012599518445213675e+01
3.010379189330070560e+01
3.011666408610183154e+01
3.014507170232858257e+01
3.017065395170784470e+01
3.017254677176469002e+01
3.018597664613443499e+01
3.020064388113133802e+01
3.020434822745200165e+01
3.020201833542551739e+01
3.024074519881551026e+01
3.023618078010973420e+01
3.023604072366160977e+01
3.026383014390912507e+01
3.031024884361442062e+01
3.032069341541176044e+01
3.032366270787021278e+01
3.035353676085480501e+01
3.037812971149523378e+01
3.038721061170902260e+01
3.038087436434609145e+01
3.038478837773153884e+01
3.039572580931243806e+01
3.036477058808228691e+01
3.031088697370704210e+01
3.028192847237477636e+01
3.024051156522303074e+01
3.020683158613410413e+01
3.017573989788346012e+01
3.014514232286245843e+01
3.012879853100385930e+01
3.012577535056113476e+01
3.009803338507218129e+01
3.006679450926812436e+01
3.005554725401560034e+01
3.002480840553741359e+01
3.001752964474856356e+01
3.001797524597272826e+01
3.000427274429894098e+01
2.997419120703815665e+01
2.996831611201027457e+01
2.998318208082384473e+01
2.999598330337546059e+01
2.999466240595371502e+01
3.000965888423159811e+01
3.002156785467361289e+01
3.005745052207889856e+01
3.008148012055910314e+01
3.008798915949657271e+01
3.008830843685303691e+01
3.008466269963080464e+01
3.012576758016034617e+01
3.016014760684327811e+01
3.017073041386818133e+01
3.014484490170557862e+01
3.011515048128259409e+01
3.010809883452988345e+01
3.008445631102210527e+01
3.008093348917366683e+01
3.006890881089780265e+01
3.005276459091504293e+01
3.004857948959377012e+01
3.005674671791270214e+01
3.006766019622291708e+01
3.006705118220986606e+01
3.008691253210478322e+01
3.009073665282700816e+01
3.011480586281407668e+01
3.015357536094582969e+01
3.018731885777482304e+01
3.022453641648719724e+01
3.022753166969282290e+01
3.025703186466263617e+01
3.027356670248491355e+01
3.028977345037062463e+01
3.028734380738657350e+01
3.028135339932503101e+01
3.028751968414523787e+01
3.032855988398442193e+01
3.036484725229543358e+01
3.036836297153071129e+01
3.038029537077040132e+01
3.039234346273200416e+01
3.041868222277567213e+01
3.043185227364012491e+01
3.042600837292286542e+01
3.039328723642787367e+01
3.037877135501582870e+01
3.036402281367774236e+01
3.036623117735733146e+01
3.036208193466399408e+01
3.034435986115337869e+01
3.034442313675355862e+01
3.036147346220564103e+01
3.038672295096785447e+01
3.041192878346838668e+01
3.045224579220480265e+01
3.047909790092223403e+01
3.051345562774094944e+01
3.054136645767776059e+01
3.056844451015841102e+01
3.060256317642573620e+01
3.063604483892943264e+01
3.066146195640654781e+01
3.065119817396156066e+01
3.064999543428322326e+01
