1.012641317630877434e-03
8.738160949776380138e-02
1.540681272077540909e-01
2.065878580278884546e-01
2.444055258813145615e-01
2.946049202904179043e-01
3.413829256021129743e-01
3.828368530658764479e-01
4.301494311440843821e-01
4.669889817434407231e-01
5.098317425910932066e-01
5.511215679994788674e-01
5.946616451078566845e-01
6.508599816820728190e-01
7.148285947518084882e-01
7.662428956708161598e-01
8.204198891990523990e-01
8.802020829450882822e-01
9.457626022223587503e-01
1.006588558336471984e+00
1.060077440966644691e+00
1.129781134522728658e+00
1.201610972436334634e+00
1.244892963845629863e+00
1.308513702256026701e+00
1.366669157380119959e+00
1.459735560445166502e+00
1.535815255829695136e+00
1.637095553789728708e+00
1.716269325836901283e+00
1.806456421191701356e+00
1.910312704788044380e+00
2.014934955157015040e+00
2.084510211866101415e+00
2.159810667793262695e+00
2.230820670029344477e+00
2.295778108681514773e+00
2.387333484826539731e+00
2.478221185795598025e+00
2.564119818109029225e+00
2.662120434848242123e+00
2.738238325908750603e+00
2.802236734098016768e+00
2.872651679713577710e+00
2.946047925433660453e+00
3.038810200419186813e+00
3.135506185644904242e+00
3.211118477055659337e+00
3.291364632640157328e+00
3.394551284047740314e+00
3.492020523683381672e+00
3.570428193801218786e+00
3.679311237663530409e+00
3.794842249294780867e+00
3.896392920147583983e+00
3.990194498075370522e+00
4.084406199026481055e+00
4.181209981173461543e+00
4.258541748347989042e+00
4.354568293578509497e+00
4.444511294610098417e+00
4.530527726765106067e+00
4.622811934015622626e+00
4.722406930281405124e+00
4.842021176910810354e+00
4.988466730080046929e+00
5.131888740804588345e+00
5.272920547295589344e+00
5.420434141327907795e+00
5.578226684709557404e+00
5.738260979167324471e+00
5.943881446824605064e+00
6.097477010490847782e+00
6.282940997911509839e+00
6.471053017362351945e+00
6.633138337796413708e+00
6.817023464366973151e+00
6.998270631772311567e+00
7.154626950007750175e+00
7.314536756041637666e+00
7.494252209394364428e+00
7.676769420761015539e+00
7.824338303918564996e+00
7.975779455777188609e+00
8.145930809455565580e+00
8.286066722986648259e+00
8.429583789780906500e+00
8.541096667032299194e+00
8.671825996677997139e+00
8.792767442951975099e+00
8.892420348606481895e+00
9.005824783254947619e+00
9.129988189430363832e+00
9.273235605559513317e+00
9.391480867874600236e+00
9.491669483203329705e+00
9.608819677231169365e+00
9.740041732906091099e+00
9.864436581041593044e+00
9.975411748378418153e+00
1.011038172824414616e+01
1.024724901737563343e+01
1.037583826015493749e+01
1.051209524767064707e+01
1.063814036331369905e+01
1.074326161475817187e+01
1.085104089101651503e+01
1.095015712279018061e+01
1.109309111169107354e+01
1.120933258668936539e+01
1.131443978434248088e+01
1.141429320934242320e+01
1.151868295849750012e+01
1.161354099891632785e+01
1.171833587645215857e+01
1.183284175493857049e+01
1.197880025382677971e+01
1.208725256702609130e+01
1.223033827458375455e+01
1.235786619277971532e+01
1.248229830619286673e+01
1.261175205945476208e+01
1.273483220251037018e+01
1.285855188398475235e+01
1.300301396346092808e+01
1.312478566452367801e+01
1.325343400727151000e+01
1.338051701187258757e+01
1.350810300344579673e+01
1.364718014540221169e+01
1.378978657397838603e+01
1.392369191119903071e+01
1.404521583575564847e+01
1.416887780549158649e+01
1.429645066530949116e+01
1.441328856720983431e+01
1.453330131496484512e+01
1.464886435412169874e+01
1.477036812660755238e+01
1.489614106673433547e+01
1.498544669761318993e+01
1.505969055034965720e+01
1.514012766179654434e+01
1.523870959285019566e+01
1.535305337603520748e+01
1.544269369219397348e+01
1.552950592610534208e+01
1.564441785129626084e+01
1.575611350123996957e+01
1.586093012575086902e+01
1.594884104888646625e+01
1.607495544165694312e+01
1.617213151981392372e+01
1.627993728158342890e+01
1.638041885426099142e+01
1.648984969688632773e+01
1.660580557391778100e+01
1.673149877841009925e+01
1.686678926822860447e+01
1.698560312196883260e+01
1.709503338288217122e+01
1.722571763685490964e+01
1.734688120211101392e+01
1.745750798059701481e+01
1.761029756210012209e+01
1.774742287750079228e+01
1.787276639015172819e+01
1.798565152195619987e+01
1.814007152249014609e+01
1.829512596593155749e+01
1.846067130757626629e+01
1.860490446125040975e+01
1.872941324865418267e+01
1.891617021704361079e+01
1.908412864220399285e+01
1.924032590110534002e+01
1.936970560951512255e+01
1.955005885868331461e+01
1.970911867317503408e+01
1.984609139245102583e+01
2.001543872742845664e+01
2.018299386108192195e+01
2.034612833241665442e+01
2.050162935052028246e+01
2.065827851950261973e+01
2.081872906383432920e+01
2.094395746895621713e+01
2.109789647158065407e+01
2.123240080432692167e+01
2.134665488402313116e+01
2.145150375466778669e+01
2.156661780229456937e+01
2.172554682841970219e+01
2.187339730256814008e+01
2.199971298943961173e+01
2.214235298004544816e+01
2.228516206752328443e+01
2.243436396897979535e+01
2.258331972806877275e+01
2.270454462906423032e+01
2.286040346294382175e+01
2.299202897750829422e+01
2.312564565297605057e+01
2.324144706558746876e+01
2.336270728985880396e+01
2.352760054841415993e+01
2.366801543685476261e+01
2.382072581986317061e+01
2.394843308652434644e+01
2.404400362660295443e+01
2.416352481749997949e+01
2.431064874829290900e+01
2.444190314673695852e+01
2.454605454313857038e+01
2.467154861399319188e+01
2.482920956316282712e+01
2.498375857726927407e+01
2.510421164451968679e+01
2.526069250131487465e+01
2.540842018233390576e+01
2.558189659075648237e+01
2.573578758552064016e+01
2.585055970302192208e+01
2.596460201928974953e+01
2.607334304001147274e+01
2.618990717122060374e+01
2.628450616252660410e+01
2.641719649980602469e+01
2.655140048662063279e+01
2.664975222939661847e+01
2.674070801953998711e+01
2.687413695815397574e+01
2.699412165755564175e+01
2.709380678748992466e+01
2.720718316882494037e+01
2.732983554704338403e+01
2.742782032720236174e+01
2.753814664209484064e+01
2.768022520340460702e+01
2.778809026968395912e+01
2.789462438425471547e+01
2.800784385353516726e+01
2.817717152190839158e+01
2.833404298860008197e+01
2.845270241603335393e+01
2.858544693014740901e+01
2.871616806256276888e+01
2.887087471018498874e+01
2.901940565902278024e+01
2.912632267537701125e+01
2.923865464314709328e+01
2.936679846461599652e+01
2.956304090173017229e+01
2.972827205982545706e+01
2.986616715424743518e+01
3.000001409295361654e+01
3.018370384225780967e+01
3.034553883308287325e+01
3.050555585344345744e+01
3.068118945433871403e+01
3.083362793929957490e+01
3.097930839168663297e+01
3.112516247377743284e+01
3.128749398450775487e+01
3.144707436167660930e+01
3.158213306566693390e+01
3.171211130913049558e+01
3.184143640955896970e+01
3.199359237406362055e+01
3.212379564984620828e+01
3.225910395607739645e+01
3.241284081829467567e+01
3.253149810941336284e+01
3.265890942820168874e+01
3.279629314719874600e+01
3.292610424998134278e+01
3.308604235258714255e+01
3.321651152661121387e+01
3.333794997614045741e+01
3.347843225722278504e+01
3.364314867523884089e+01
3.377203696122398924e+01
3.388068919295469783e+01
3.402179193406092850e+01
3.419214886204087378e+01
3.432136607466432565e+01
3.444421365787048472e+01
3.457261457208763034e+01
3.468101048505437234e+01
3.481933803962765950e+01
3.494559724083735830e+01
3.508323239967695883e+01
3.519228848697684242e+01
3.532907845499823196e+01
3.544847855955844551e+01
3.555852540681303964e+01
3.568171775989279126e+01
3.579948313988228392e+01
3.588905323192854269e+01
3.597641269076021331e+01
3.607612438442289715e+01
3.618358525078327403e+01
3.630268180214775953e+01
3.641220816889944700e+01
3.652893914060231850e+01
3.665081410185365485e+01
3.676116572246800729e+01
3.688367922532382437e+01
3.700434883157902988e+01
3.712392549197084435e+01
3.726737562823030459e+01
3.739603743876826059e+01
3.751299199708188326e+01
3.764343771648757553e+01
3.778380816788654073e+01
3.790548638339443954e+01
3.804684572379055396e+01
3.818825892478153605e+01
3.832711020645799493e+01
3.847499211670312746e+01
3.861339538448648767e+01
3.874073914589752121e+01
3.887256025863766951e+01
3.901273942402119843e+01
3.918216814848562990e+01
3.932602942107897803e+01
3.944140534226774264e+01
3.957453361558524563e+01
3.972467408111585740e+01
3.986106479789195589e+01
4.001544775354998507e+01
4.013108583763425941e+01
4.028133887704949956e+01
4.042430461239652573e+01
4.055223604620646682e+01
4.067677975883172792e+01
4.081439680060432096e+01
4.094183864162837239e+01
4.106070299781003285e+01
4.118226492545571915e+01
4.129856538306022884e+01
4.141709456012020496e+01
4.153333071475243798e+01
4.165430484697790092e+01
4.176989687417474784e+01
4.192689170952920819e+01
4.207575708833162764e+01
4.220427634148137486e+01
4.233542032824882995e+01
4.246830406304430028e+01
4.260561271099434322e+01
4.274452886083801673e+01
4.286556815081637950e+01
4.301496731094214709e+01
4.316828800495240159e+01
4.329514405191055459e+01
4.340512141180398231e+01
4.352601472182794140e+01
4.365557549547683891e+01
4.378121556876612885e+01
4.390873752413276776e+01
4.402689873280623090e+01
4.412335888208593815e+01
4.423305425614130115e+01
4.436753644807571817e+01
4.451910914234274941e+01
4.463908637025221537e+01
4.479487697188457673e+01
4.493894243846371239e+01
4.507242826165140315e+01
4.519945122261439963e+01
4.534627223604135793e+01
4.548961280543348806e+01
4.560700623509274010e+01
4.570809127836080421e+01
4.584037364274524151e+01
4.596262045207281233e+01
4.608289329536945189e+01
4.620286422962460904e+01
4.632092099506592575e+01
4.644089369234193043e+01
4.652942736911276711e+01
4.662832876205817456e+01
4.674288055038707057e+01
4.685498365185941338e+01
4.696960992844196170e+01
4.708322001536504331e+01
4.718599746467216249e+01
4.726386180791860170e+01
4.736530866889057734e+01
4.746691060169224130e+01
4.760340129878782989e+01
4.771997417454686996e+01
4.781101813818455071e+01
4.792585759629784548e+01
4.805863163323708420e+01
4.818752024209052109e+01
4.830157382968653224e+01
4.842450357632403524e+01
4.855421681895646202e+01
4.866528064525905251e+01
4.878175836351610428e+01
4.890714042351041968e+01
4.903023314085681506e+01
4.914796473954266531e+01
4.924762194013609928e+01
4.935226567893599281e+01
4.945278674345181713e+01
4.955325739716638367e+01
4.966621260908313928e+01
4.979157304892535052e+01
4.989024913277539497e+01
5.000584850590182384e+01
5.015105837071485695e+01
5.029543283795460695e+01
5.043458879950026841e+01
5.059329407814392709e+01
5.073641759683699348e+01
5.084975452853898048e+01
5.095627311084685118e+01
5.109036301067330044e+01
5.121369394452963064e+01
5.134189287491059162e+01
5.146877807169330765e+01
5.162010158883511224e+01
5.175054402164796841e+01
5.189084369165769317e+01
5.205831680817343710e+01
5.221103724950539515e+01
5.231098080030992037e+01
5.242715189072738013e+01
5.256350063431990094e+01
5.267051979388860872e+01
5.277812334257038174e+01
5.288699555121522877e+01
5.301153941163384786e+01
5.313733286741145179e+01
5.327040224151490122e+01
5.339259690953777238e+01
5.351800004324549320e+01
5.364077407045758150e+01
5.375896129111550437e+01
5.387418704080408105e+01
5.399019963271604183e+01
5.408086267952727155e+01
5.419696686685690423e+01
5.430984669872861303e+01
5.440508619843248539e+01
5.452936816912065154e+01
5.465477771320423273e+01
5.478027880370574110e+01
5.488319613391094265e+01
5.498756557689711144e+01
5.511346107271277361e+01
5.524740341963618562e+01
5.539170934957449077e+01
5.551053252874560684e+01
5.564651010271573739e+01
5.580080394110268571e+01
5.595364785744980196e+01
5.607612231101801825e+01
5.621999426541019318e+01
5.636921493283677620e+01
5.650428648908148688e+01
5.658836204694978989e+01
5.671128134864132164e+01
5.686037971568900673e+01
5.699849019827510688e+01
5.713121507121011433e+01
5.725237242322169351e+01
5.740545275043509577e+01
5.756192073594684189e+01
5.769737974804314717e+01
5.783293451018214171e+01
5.794511412638787817e+01
5.808283032765316278e+01
5.822876158138436864e+01
5.836062146549443241e+01
5.849115644839800865e+01
5.862560911364126781e+01
5.878043675667981915e+01
5.891070086467146893e+01
5.905341769703767341e+01
5.918421070860437538e+01
5.934215149856501625e+01
5.948755195658095829e+01
5.962705192328729709e+01
5.976119134867944638e+01
5.990369593949983340e+01
6.003004457160734830e+01
6.014633297852242322e+01
6.029800303629397717e+01
6.042208745803366554e+01
6.050955675808673107e+01
6.059818743573448074e+01
6.072063126850473935e+01
6.085064529516427001e+01
6.095083849309045831e+01
6.106677226407428094e+01
6.118492978034795016e+01
6.130848905640521451e+01
6.141462579153721180e+01
6.157773241569066869e+01
6.171704302254697438e+01
6.186336196829422818e+01
6.198573012895232637e+01
6.209976463095283350e+01
6.223062004959489713e+01
6.235481613913121635e+01
6.247799245475332697e+01
6.262037267558928733e+01
6.275821238295623772e+01
6.287859343944519708e+01
6.304402421373146126e+01
6.321654201744537005e+01
6.333269808855654759e+01
6.347583210388175701e+01
6.364450105449223827e+01
6.377373976649530363e+01
6.391771963506111831e+01
6.406720810506722330e+01
6.419941433474856751e+01
6.433710417967422757e+01
6.449463916597328250e+01
6.467379337545922624e+01
6.485405904442379210e+01
6.501103667827733545e+01
6.516815001786193307e+01
6.535458592670288169e+01
6.554751672825408093e+01
6.569409382197156333e+01
6.583571954451063846e+01
6.598417386617387592e+01
6.610513394050458658e+01
6.624112960734554179e+01
6.637877202958704004e+01
6.650821409536405326e+01
6.663420488954332654e+01
6.675820668594801077e+01
6.690443413135071182e+01
6.704548587162835815e+01
6.718799110763329452e+01
6.731087262197955567e+01
6.743663419842157225e+01
6.757445290009961525e+01
6.771765546429435290e+01
6.789919998746762531e+01
6.806226108692460741e+01
6.819919917691213129e+01
6.835994074884966665e+01
6.853284140639745203e+01
6.870815618774842903e+01
6.882575248475808394e+01
6.894549455924084214e+01
6.911519373886989115e+01
6.926586636157141186e+01
6.943430006482797978e+01
6.958507201105037154e+01
6.973026582225465120e+01
6.988853597965839981e+01
7.004106309930148200e+01
7.020743110262938558e+01
7.036716190511484115e+01
7.049286074746360953e+01
7.060147168805400497e+01
7.074573401226079739e+01
7.088251227788998676e+01
7.101528489929407328e+01
7.113016994832273099e+01
7.124478466661086884e+01
7.137051079543319076e+01
7.148632963026007303e+01
7.160732720367643367e+01
7.172855234208732611e+01
7.181638722407537045e+01
7.189473114793841546e+01
7.200701927739602581e+01
7.211930209639153588e+01
7.225037046136179697e+01
7.236343281191902577e+01
7.247700499801358376e+01
7.258604629178708478e+01
7.272023843504349827e+01
7.285342622788168399e+01
7.298347014211978490e+01
7.310569283108570460e+01
7.322341721134461068e+01
7.335677181007422121e+01
7.346196820202497690e+01
7.360106334786874527e+01
7.373694264555142297e+01
7.386171017505215275e+01
7.398139659588008499e+01
7.411448098999423451e+01
7.424369434826982683e+01
7.437254545216285351e+01
7.450420759106356172e+01
7.464837077493473316e+01
7.478432958104198747e+01
7.491271663144443949e+01
7.504381642912227335e+01
7.515578334842162178e+01
7.529878420043169740e+01
7.547897821855504219e+01
7.559370160490931312e+01
7.571507370692506811e+01
7.584510271430573880e+01
7.600313726476181841e+01
7.616849250680287753e+01
7.631879115332715457e+01
7.648779548298473685e+01
7.663661018932900504e+01
7.679957427419522276e+01
7.695370405170677941e+01
7.708617082382474450e+01
7.721963424418697741e+01
7.734001131982789445e+01
7.748572801884571959e+01
7.762452732751282269e+01
7.777325140548546756e+01
7.788140963840324105e+01
7.799370563483348917e+01
7.815452797822574382e+01
7.831079258006506905e+01
7.844738186950775116e+01
7.855533836083068877e+01
7.868993062854599430e+01
7.885457076412460253e+01
7.897475045673833449e+01
7.908267670583383335e+01
7.921800494027010586e+01
7.934311456873876978e+01
7.945709069033392780e+01
7.956680507891205423e+01
7.969521445717286667e+01
7.982079704943873821e+01
7.995319725329842697e+01
8.004103862590832819e+01
8.014081277108068946e+01
8.029698604888758950e+01
8.042300961902954270e+01
8.055371806015813263e+01
8.069326322452435818e+01
8.084745910076800612e+01
8.098327357344543032e+01
8.110255071045381214e+01
8.124296610870720770e+01
8.139657096533335334e+01
8.154736686689909675e+01
8.167693872705919489e+01
8.179356374172188282e+01
8.192251173546603127e+01
8.207973927530719038e+01
8.222594298839129578e+01
8.237145637492700700e+01
8.252955976887909628e+01
8.267296162309416729e+01
8.282007555979558333e+01
8.298988294382323261e+01
8.314626666372122088e+01
8.329803534245111507e+01
8.346411531534278083e+01
8.360208178594466233e+01
8.374025036805331013e+01
8.390048694568017140e+01
8.405847674805855263e+01
8.421488767937215414e+01
8.434586527251403254e+01
8.450015303800724098e+01
8.469051181080463664e+01
8.483362802899112864e+01
8.497043675902990856e+01
8.509184072350186057e+01
8.523791562838394498e+01
8.538317889835667529e+01
8.553677699965852810e+01
8.567655606314635008e+01
8.582738772460731980e+01
8.595659589034028158e+01
8.611191812207096064e+01
8.621469986238852812e+01
8.633970613689642448e+01
8.646690911558589221e+01
8.661016907609116799e+01
8.676393315874013012e+01
8.690080948511348424e+01
8.700843746227656084e+01
8.715314798431582233e+01
8.733080031562678869e+01
8.743756710630475482e+01
8.755997391364525129e+01
8.770526427857468832e+01
8.786556827181318852e+01
8.800337571216023491e+01
8.812503602829889360e+01
8.824587913095287206e+01
8.839125432010676775e+01
8.850636780600187592e+01
8.863378325946364100e+01
8.873616111535604034e+01
8.884565208964193062e+01
8.895405836153744872e+01
8.908796165956918855e+01
8.922127937265968001e+01
8.939038412003259282e+01
8.952995316288341598e+01
8.967105051088174150e+01
8.980736081993484277e+01
8.995929196500091507e+01
9.010507914532635709e+01
9.023067272938664019e+01
9.034683477061362566e+01
9.049196468516815628e+01
9.064299246735031090e+01
9.075135422798321372e+01
9.085802548497221665e+01
9.099250585615529019e+01
9.109097987734223523e+01
9.120858456840211659e+01
9.133143130095375284e+01
9.146854803613541662e+01
9.161667698555760353e+01
9.176191693382958192e+01
9.187382868824883531e+01
9.203009628328341307e+01
9.216820784935302413e+01
9.232908960724520853e+01
9.245286845594893066e+01
9.258648799900737458e+01
9.273051962425427064e+01
9.285645043863333115e+01
9.298947511582197478e+01
9.313963699416858333e+01
9.328927810214801752e+01
9.338105363505228240e+01
9.349357947787692069e+01
9.363465247507465961e+01
9.379260748907141476e+01
9.392947083211603854e+01
9.405182624165924210e+01
9.418394660204690183e+01
9.429306326961764739e+01
9.439550997080286265e+01
9.454033662764777546e+01
9.465545711478415569e+01
9.479705859066572771e+01
9.491780973503755092e+01
9.501233047894410788e+01
9.512217111961757610e+01
9.525884329794415351e+01
9.537393217452965644e+01
9.547315877719199761e+01
9.560100328952685800e+01
9.571595284341420040e+01
9.583205747933484986e+01
9.595638174053217995e+01
9.603634899350194587e+01
9.613165232878613153e+01
9.622775638280110400e+01
9.632844053289971953e+01
9.645916256589629256e+01
9.660453801137489904e+01
9.672980847628672052e+01
9.688172499359227174e+01
9.702624203815635440e+01
9.717920509854870659e+01
9.732053811660358633e+01
9.747472965637956577e+01
9.763207925320938330e+01
9.781407303883261761e+01
9.795015636089465261e+01
9.811705509807241299e+01
9.825602935927959436e+01
9.840857347878888106e+01
9.852844716255738433e+01
9.866649214052786476e+01
9.880147296719047745e+01
9.893871933274331809e+01
9.910138617973512964e+01
9.926126021109678277e+01
9.941049143645398090e+01
9.956050779877395485e+01
9.969315174762041920e+01
9.985210119481834568e+01
1.000359531662073493e+02
1.001917332130336007e+02
1.003566083596492149e+02
1.004921880553691267e+02
1.006408766435649227e+02
1.008091711261213277e+02
1.009711931072215378e+02
1.011083222447250449e+02
1.012675847260154995e+02
1.014553663765699980e+02
1.016000402480798073e+02
1.017393287890932925e+02
1.018947745865065428e+02
1.020367049717187484e+02
1.021683257275432766e+02
1.023101511378980888e+02
1.024637838989575584e+02
1.026046338496305594e+02
1.027715329351155589e+02
1.029375559211067213e+02
1.030592294677892511e+02
1.032178962466808088e+02
1.033673050097502397e+02
1.035040426476536055e+02
1.036525464628888784e+02
1.038120071281895065e+02
1.039710777717765779e+02
1.041034700093571388e+02
1.042506013679512051e+02
1.043929461440455242e+02
1.045303301661702733e+02
1.046649809712955062e+02
1.048128446842075618e+02
1.049707671289256012e+02
1.050841092911521457e+02
1.052050269962913234e+02
1.053367584799304524e+02
1.054738405900153850e+02
1.056233087556359180e+02
1.057442583527702595e+02
1.058673759163998511e+02
1.059946590033039513e+02
1.061316704998447449e+02
1.062894589963302110e+02
1.064325533061820011e+02
1.065515792429589652e+02
1.067024298862110356e+02
1.069046107416422586e+02
1.070406821247358380e+02
1.071687507297165212e+02
1.073120253653494558e+02
1.074653132014534691e+02
1.076418927596590152e+02
1.078071289745156918e+02
1.079341504847581774e+02
1.080802825905616800e+02
1.082393883817265703e+02
1.083812418436009892e+02
1.085267804812095278e+02
1.086942601294493755e+02
1.088568262621445655e+02
1.089880564956137761e+02
1.091229405238035213e+02
1.092769739899888037e+02
1.093995786195895903e+02
1.095336090223366909e+02
1.096729653153307851e+02
1.098256102561357466e+02
1.099722670412644021e+02
1.101202736797944226e+02
1.102490384552383489e+02
1.103795941075009779e+02
1.105403037468957734e+02
1.106741065488018307e+02
1.107770060542858488e+02
1.109030877488545457e+02
1.110495130119339819e+02
1.111601313412044334e+02
1.112785525420089954e+02
1.114112500237314123e+02
1.115478574529404767e+02
1.116801352611360585e+02
1.117725724660397333e+02
1.118703998207493555e+02
1.119521083115414086e+02
1.120695809570941464e+02
1.122113853680314577e+02
1.123238842857738717e+02
1.124230844446032336e+02
1.125400310098449523e+02
1.126655373506269484e+02
1.128055195999550051e+02
1.129459260826740348e+02
1.130500866055528206e+02
1.131522521467196327e+02
1.132512563790787539e+02
1.133491994952742914e+02
1.134758037012021106e+02
1.136091773077246359e+02
1.137258161390997344e+02
1.137972181617395790e+02
1.138947025234681121e+02
1.140296757788279933e+02
1.141742450038862842e+02
1.142910204927900253e+02
1.143747696222829120e+02
1.144903831281659450e+02
1.146367151988456357e+02
1.147615441109561800e+02
1.148808508526854837e+02
1.150151660628752381e+02
1.151372797792652705e+02
1.152867408301283234e+02
1.154327409007819796e+02
1.155581325689265810e+02
1.156912800180934369e+02
1.158476455747225771e+02
1.159893687556128867e+02
1.161224201004389158e+02
1.162379285044441133e+02
1.163832232040066259e+02
1.165119167323789924e+02
1.166641541771781476e+02
1.168165974936372038e+02
1.169491015622377432e+02
1.170696526902317913e+02
1.172149426404631782e+02
1.173694575873932422e+02
1.174790509747880378e+02
1.176177140480256753e+02
1.177400507464615629e+02
1.178231744319659953e+02
1.179239815913886247e+02
1.180533848976103570e+02
1.181771959491952515e+02
1.182582598402940306e+02
1.183473883290510287e+02
1.184384234896712655e+02
1.185385092151162638e+02
1.186446691880218367e+02
1.187580400228647335e+02
1.188533931047332004e+02
1.189533182936555420e+02
1.190723289034469587e+02
1.191905514523893856e+02
1.193174106516547539e+02
1.194286881774949336e+02
1.195236529745538832e+02
1.196481278737816893e+02
1.197545654265788073e+02
1.198545237199752194e+02
1.199427213777331644e+02
1.200619175366512650e+02
1.201701741730164912e+02
1.202729921718348436e+02
1.203537960768205295e+02
1.204747868630746410e+02
1.205761476566468104e+02
1.206593828686530827e+02
1.207664428855224799e+02
1.208598534862898504e+02
1.209892317858944324e+02
1.211262964741407018e+02
1.212326859672229489e+02
1.213359416565319009e+02
1.214627911546684800e+02
1.215733482462268285e+02
1.216642126658482965e+02
1.217499182767048893e+02
1.218483984179529784e+02
1.219576967138013828e+02
1.220666766562153924e+02
1.221661974615970081e+02
1.222770039820100152e+02
1.224055465769270086e+02
1.225636296319598131e+02
1.226947764295974963e+02
1.227816629354734346e+02
1.229043375734153045e+02
1.230435017559031223e+02
1.231930063043184020e+02
1.233218532078269334e+02
1.234632344113256721e+02
1.235895600235591729e+02
1.236981335437771605e+02
1.238603614313507961e+02
1.239937221675627370e+02
1.240871719662896311e+02
1.241853115529080611e+02
1.243385011045917850e+02
1.244575572569285526e+02
1.245847631594688352e+02
1.247166880698874536e+02
1.248360009515250937e+02
1.249484961094720887e+02
1.250557664614065487e+02
1.251701080610584143e+02
1.252850212916565766e+02
1.253705172435643362e+02
1.254905872621793037e+02
1.256251432161114678e+02
1.257355276312126477e+02
1.258543969600981711e+02
1.260045863542842000e+02
1.261415948819792732e+02
1.262664286570638268e+02
1.263985435493826230e+02
1.265143930641549872e+02
1.266290630982153687e+02
1.267847567354469476e+02
1.269031072156909232e+02
1.270110889202075839e+02
1.271585045478222611e+02
1.273078668599121244e+02
1.274255450618818344e+02
1.275437664204165173e+02
