1.012641317630877434e-03
8.738137878108034884e-02
1.540611577275537714e-01
2.064505425358092727e-01
2.418615069977664567e-01
2.675113119995034539e-01
2.854544023656850338e-01
2.973754273160919004e-01
3.051766317614392765e-01
3.135064083670461299e-01
3.204851396692364185e-01
3.271562231427387335e-01
3.327128115740399239e-01
3.432933978335148129e-01
3.443075550064225165e-01
3.467384355109420224e-01
3.526853724895755438e-01
3.593923261333637487e-01
3.624008847940028422e-01
3.623249213080916853e-01
3.645696320925397305e-01
3.784557619988477284e-01
3.824724601370074750e-01
3.824393655523585789e-01
3.773335692142396058e-01
3.756030662888794058e-01
3.741613423652939696e-01
3.749707367473878450e-01
3.851761120392914739e-01
3.902462728192162555e-01
3.899111026697440474e-01
3.907002591516065548e-01
3.888083789497406295e-01
3.868674687203115248e-01
3.856855700591279579e-01
3.835561380509478480e-01
3.846484555961406371e-01
3.837241174821401923e-01
3.858169266582029411e-01
3.980328251050812560e-01
4.074048225390531353e-01
4.073913418790277574e-01
4.107206914991757274e-01
4.178896065120807912e-01
4.168167727210325690e-01
4.106178269097180977e-01
4.048368525863416112e-01
4.085847549638259024e-01
4.126870411169947239e-01
4.182883559357744030e-01
4.182814682160877484e-01
4.200711539613176115e-01
4.262649458029702521e-01
4.351034119584007431e-01
4.370888953391618981e-01
4.381237539387057289e-01
4.404446982692517554e-01
4.451403106590962055e-01
4.456935746333071102e-01
4.517927121467348317e-01
4.484186033520583536e-01
4.448232129397295398e-01
4.485651917206125994e-01
4.567413003235728519e-01
4.620289983650415211e-01
4.660686451619085457e-01
4.743164915093198153e-01
4.807074764646735998e-01
4.901005045150285677e-01
5.003535960318814535e-01
5.064143229382483957e-01
5.196864819540869540e-01
5.194425696120977820e-01
5.260725092020734905e-01
5.319396252810302261e-01
5.423275059430427980e-01
5.537911858093363948e-01
5.663558080674758743e-01
5.684323691674680878e-01
5.730440957817575232e-01
5.875467942396405130e-01
6.041643498147053482e-01
6.182835124437663366e-01
6.264133008730661256e-01
6.329070655459043682e-01
6.318750977225568999e-01
6.319818141136965828e-01
6.295971503522098667e-01
6.341993792119094975e-01
6.321823042952580129e-01
6.289753271609728191e-01
6.257214891064575291e-01
6.203281880336617427e-01
6.282927817703060080e-01
6.331107038689729460e-01
6.302576499651431075e-01
6.273267899198973208e-01
6.295874550839850592e-01
6.319940367751126775e-01
6.400103137228466688e-01
6.561588642909597091e-01
6.750003298343593139e-01
6.891858172266611682e-01
7.027714435425015393e-01
7.098436449303276996e-01
7.088777562260440979e-01
6.990343973793592403e-01
7.005922080219323389e-01
7.128563628077563274e-01
7.208653814685270778e-01
7.253335768352420221e-01
7.229938416639717369e-01
7.226220018206707119e-01
7.116063457114429891e-01
7.111972757791157340e-01
7.129879209429530462e-01
7.298977782894898736e-01
7.352113172030301236e-01
7.424637541620484615e-01
7.474378348286064844e-01
7.519304378989153381e-01
7.520462982147384512e-01
7.487039291697180632e-01
7.491105951460604873e-01
7.589014178023610890e-01
7.575913203452694367e-01
7.552755429548269062e-01
7.593471047813443731e-01
7.631224874082828125e-01
7.768312598153357396e-01
7.809190852941060301e-01
7.811210231425270711e-01
7.832852738877353893e-01
7.906110589578471126e-01
7.904844440056258970e-01
7.909137966614372406e-01
7.969830485573211609e-01
8.058116520578046948e-01
8.158053577701170900e-01
8.308336444100177243e-01
8.445279713696052237e-01
8.415300093973698825e-01
8.419847330488348103e-01
8.413618895416631327e-01
8.521038770664578488e-01
8.524141262702207289e-01
8.530386481861720327e-01
8.577103421426838237e-01
8.523993100645593790e-01
8.449803171145628955e-01
8.440845592329430103e-01
8.486510998576894949e-01
8.470826265007360689e-01
8.466390035335317199e-01
8.506992402734399050e-01
8.586962666526842813e-01
8.627682453377839566e-01
8.767063070934341118e-01
8.917006894163871378e-01
9.082793502421150356e-01
9.130516454912577240e-01
9.211916467701044553e-01
9.243487867372321976e-01
9.257080942263503642e-01
9.332939617477958860e-01
9.380050817005394226e-01
9.379106897787207187e-01
9.375326129081754667e-01
9.372854186367308715e-01
9.405473768964790482e-01
9.453209173422247869e-01
9.483535581380293511e-01
9.487467958824770120e-01
9.576847387479090479e-01
9.648084051799401539e-01
9.634333267620855956e-01
9.592399632038635104e-01
9.675221945172681748e-01
9.662916384083274357e-01
9.690091603087356287e-01
9.846422415274878048e-01
9.957156366779187362e-01
1.003345736602675897e+00
1.016897727390355222e+00
1.028641293094578746e+00
1.031069189407354036e+00
1.038823361963478131e+00
1.044523053250765443e+00
1.046700043153778292e+00
1.042404867329751905e+00
1.035883659526244172e+00
1.033328504037354989e+00
1.033223368874583104e+00
1.034181262645762045e+00
1.033453271574243493e+00
1.022751581867411108e+00
1.030776173410941299e+00
1.035812450460879885e+00
1.039896932640895333e+00
1.047414502641950573e+00
1.056479251495399119e+00
1.061912905934440765e+00
1.070698611320583193e+00
1.066920761763648251e+00
1.065598351979384573e+00
1.073032068398755090e+00
1.084497531920848745e+00
1.094177938546422535e+00
1.110420993396278311e+00
1.105230286837584508e+00
1.100228980900513465e+00
1.103002841154425928e+00
1.102692499151580519e+00
1.104702227346090471e+00
1.107935754764584502e+00
1.118478942970649648e+00
1.135005046697129982e+00
1.134604596927825115e+00
1.136891610871188840e+00
1.143866938286103085e+00
1.174635375858869457e+00
1.203546647955821447e+00
1.221975761345819977e+00
1.234835426177292694e+00
1.224880675883410763e+00
1.209519152327332758e+00
1.203441645396209569e+00
1.222006108730710139e+00
1.227101327258299124e+00
1.216997413469617095e+00
1.212981541928697116e+00
1.216805510903798737e+00
1.222875713359895311e+00
1.220350140983230469e+00
1.215427306758786186e+00
1.216117568587507192e+00
1.210335153691854959e+00
1.207662372202200629e+00
1.214369991943909710e+00
1.208659489377051477e+00
1.207199002155085132e+00
1.202594378459541646e+00
1.219178131563011691e+00
1.228941855152959839e+00
1.231682794331232733e+00
1.237067628017549881e+00
1.245573978345926092e+00
1.257820383246137430e+00
1.265901306290359463e+00
1.260679762138801951e+00
1.255161934230923704e+00
1.252264622868768162e+00
1.243323671088592652e+00
1.236623920590156134e+00
1.236505089337413210e+00
1.237325491091454843e+00
1.246403096211913253e+00
1.253329810540240397e+00
1.254045750876497722e+00
1.262351674593769735e+00
1.267155258225252545e+00
1.268977787689316461e+00
1.263059397461127942e+00
1.265949776874851995e+00
1.267222036835465193e+00
1.267418717611866086e+00
1.282626584546097792e+00
1.285910699522210043e+00
1.293387425230687393e+00
1.299455988579236720e+00
1.303427607111545150e+00
1.311087028186654013e+00
1.310799137052583996e+00
1.311924830296059996e+00
1.310283207016584628e+00
1.313285470414907952e+00
1.323341403298839980e+00
1.332550255169575815e+00
1.339626782449271136e+00
1.351535268764214370e+00
1.365233509643994481e+00
1.362130706768244659e+00
1.361537091864622129e+00
1.371347525338397100e+00
1.401937893963407511e+00
1.416416955700825708e+00
1.420733453721339634e+00
1.417914769964798927e+00
1.414957908003869891e+00
1.411259273609710263e+00
1.410708277065640726e+00
1.422374448049196216e+00
1.428981369569348514e+00
1.435542715288406379e+00
1.443407153350777294e+00
1.448687830013646982e+00
1.453114178694291825e+00
1.451457857490009440e+00
1.446443727813433888e+00
1.433415846956184181e+00
1.432206818822188366e+00
1.437298284367871215e+00
1.447952157918237504e+00
1.446296515231087820e+00
1.444771724329046769e+00
1.453787004564240704e+00
1.446998328952734836e+00
1.440245034654960010e+00
1.437710035864246061e+00
1.445682977500711619e+00
1.450327595656453861e+00
1.456706447450006880e+00
1.454049951395998352e+00
1.452683799794528108e+00
1.461365165015714007e+00
1.468980893283946987e+00
1.483696918986557867e+00
1.491360620901148737e+00
1.490287077477482347e+00
1.493648340284613907e+00
1.503838701191025029e+00
1.505888586839781773e+00
1.503246238992809181e+00
1.514171921172990931e+00
1.533308739075408988e+00
1.535553686463236644e+00
1.531392375284267748e+00
1.525164902151787460e+00
1.517650355329105638e+00
1.511286217093509077e+00
1.505521140947899461e+00
1.505812870650396817e+00
1.512443529687993005e+00
1.520276520083436722e+00
1.523430235670969912e+00
1.526697176767941588e+00
1.534080439383041838e+00
1.537033318965722595e+00
1.540836758509910087e+00
1.540374188944856559e+00
1.534357560964240363e+00
1.530851158329684880e+00
1.528981523398898812e+00
1.534373805566282556e+00
1.532021624689624772e+00
1.538688167430017684e+00
1.539482329688951490e+00
1.536961794364242406e+00
1.534967349322014618e+00
1.536257048020074789e+00
1.540587553663125497e+00
1.531236823140286862e+00
1.525605324183413547e+00
1.532002883377295177e+00
1.539226418080447134e+00
1.546215288260142096e+00
1.543124671371177481e+00
1.538840913100625096e+00
1.545796677747704573e+00
1.549453549885104087e+00
1.545736116836369467e+00
1.551369990033095725e+00
1.559621197391082070e+00
1.558564031620988777e+00
1.561015134210774757e+00
1.568895762127970883e+00
1.569868581369116445e+00
1.573878507206868615e+00
1.579170465846772009e+00
1.582088756244928840e+00
1.586236182304676223e+00
1.610450002852954920e+00
1.619264593138134201e+00
1.616108225359119466e+00
1.598273680814790820e+00
1.597279231740835082e+00
1.606660940443742858e+00
1.605333871926340805e+00
1.602279837508997939e+00
1.607030027563623564e+00
1.604111083047514486e+00
1.596942912317420804e+00
1.585414232772828225e+00
1.577487951149452172e+00
1.574374810046315742e+00
1.574185538941365037e+00
1.575602735405403187e+00
1.569436387834178603e+00
1.560592533100911172e+00
1.553835063661565430e+00
1.545082239887712428e+00
1.551893505639915460e+00
1.549012211331103783e+00
1.542020320854129878e+00
1.536236178766902993e+00
1.538346932879977702e+00
1.543077851009180490e+00
1.545144199533990514e+00
1.552273402795401491e+00
1.557190401362485987e+00
1.558700670319015824e+00
1.553232839909994167e+00
1.553524356717562727e+00
1.551778817955211665e+00
1.548114508006913415e+00
1.543040336133322699e+00
1.535343728323992352e+00
1.532559643779019654e+00
1.531515481968168668e+00
1.538691491423856750e+00
1.544154170896761880e+00
1.544316615680685345e+00
1.554681900635624947e+00
1.569406799419307719e+00
1.588175997275814932e+00
1.603634003449283307e+00
1.615740361026080985e+00
1.625588542730259878e+00
1.624550938201709815e+00
1.619888005916391149e+00
1.612389219342738711e+00
1.597672978037612879e+00
1.594628392558146812e+00
1.585325979350701520e+00
1.587253505879556270e+00
1.594544290099104922e+00
1.596521769020216697e+00
1.600651896313275424e+00
1.601354072093692738e+00
1.596010679764228612e+00
1.595504126129725364e+00
1.597970824175747095e+00
1.594883009979237709e+00
1.586725733316910025e+00
1.587607569930677975e+00
1.584548123888916304e+00
1.584655616629410124e+00
1.584900934466111799e+00
1.585797651018963528e+00
1.588237284770960045e+00
1.583984966936713423e+00
1.580060016410472112e+00
1.575184859056236730e+00
1.565146646178652956e+00
1.562490798201577658e+00
1.571928345652454873e+00
1.581802541895987790e+00
1.574945144498697935e+00
1.572166579463921243e+00
1.579344166239434077e+00
1.580774670357635525e+00
1.579947769406740088e+00
1.580175757729593844e+00
1.575916010665205924e+00
1.575943770348471773e+00
1.574762803410151735e+00
1.567065044352979220e+00
1.571115009096797133e+00
1.580310223525837277e+00
1.582503511813503128e+00
1.578534489613699687e+00
1.594738695174628962e+00
1.609748018758035748e+00
1.617959791930726698e+00
1.617584476993217724e+00
1.626494482318994184e+00
1.641410537238430667e+00
1.646809687352274620e+00
1.647867658626855469e+00
1.648510780152859123e+00
1.654157316644901288e+00
1.663702827273577656e+00
1.674710095699445622e+00
1.675686860891139496e+00
1.672535518254594011e+00
1.677156167182551449e+00
1.678139699506032478e+00
1.670626212585150761e+00
1.671908779450324456e+00
1.677678260366931573e+00
1.683070515998720040e+00
1.688920890074401271e+00
1.697796151969239054e+00
1.710570337327838475e+00
1.728430195241364764e+00
1.739152913413095192e+00
1.758386770188604453e+00
1.765622133569245911e+00
1.769013586640892477e+00
1.772569153851872858e+00
1.766664757508979999e+00
1.771292880781134560e+00
1.760522896633323509e+00
1.752999121567096585e+00
1.746025839270667790e+00
1.738011878219716699e+00
1.733050825546105012e+00
1.729749478962650411e+00
1.727695569437643908e+00
1.719172989897202797e+00
1.719171366373565712e+00
1.721410103188250940e+00
1.739215354141361081e+00
1.749432003401679259e+00
1.751617262226480065e+00
1.749525630656317610e+00
1.741609526305250011e+00
1.735557904647980321e+00
1.733649072338535824e+00
1.725315033473986626e+00
1.728008078176462181e+00
1.726628938404673130e+00
1.729664075493590802e+00
1.730689749364417995e+00
1.730057105194531264e+00
1.720065164762557997e+00
1.728781882339151643e+00
1.747071882089457295e+00
1.760544595713330995e+00
1.764369359109337454e+00
1.761908743081930018e+00
1.768946495854951673e+00
1.768979671512556751e+00
1.769628643284746339e+00
1.775583911365787859e+00
1.789945919578844746e+00
1.801548043728493198e+00
1.801977804523752447e+00
1.815395046559670211e+00
1.822552624669631527e+00
1.832532505873024409e+00
1.841641298617959999e+00
1.851709675048555770e+00
1.847862024726381724e+00
1.850007032773299143e+00
1.853939868305054972e+00
1.858196946390921589e+00
1.846783941526453754e+00
1.841712104204241696e+00
1.838278376909983969e+00
1.839322912051785330e+00
1.851014671972893710e+00
1.852411701575317649e+00
1.852515593752932732e+00
1.850280800671614490e+00
1.843077288747696274e+00
1.857143951465132226e+00
1.869984449097667145e+00
1.873795859280288800e+00
1.879776065047784606e+00
1.898978535396543821e+00
1.908622330752499430e+00
1.917316376104731379e+00
1.924385842780422129e+00
1.924657269186663688e+00
1.924804918619567040e+00
1.935506107118995622e+00
1.936170421904680472e+00
1.936780779118926210e+00
1.938351389026153893e+00
1.943647666592541734e+00
1.972446321931633495e+00
1.995468995180922800e+00
1.993529946774242223e+00
1.987039062940272993e+00
1.990176317629372749e+00
1.987323942201629556e+00
1.976701167890836830e+00
1.971649336121980900e+00
1.971972693447928915e+00
1.981784164777499857e+00
1.980103477001476264e+00
1.981957396933894611e+00
1.988701993324394346e+00
1.986480365024713812e+00
1.982803572509945766e+00
1.993288243935412041e+00
1.992445601866127403e+00
1.994264249218206553e+00
1.992255016152167046e+00
1.984508541238932722e+00
1.973278541343717718e+00
1.965293510438952396e+00
1.970682657516442449e+00
1.972792554765914863e+00
1.966894484146364697e+00
1.961160136165149837e+00
1.955741603591460986e+00
1.949839646761488687e+00
1.949904029879202749e+00
1.961301237226364291e+00
1.964138068004968707e+00
1.962101088162999440e+00
1.973539355750042912e+00
1.982155602669598782e+00
1.990802660555280879e+00
1.993018494855698153e+00
1.993905352851340407e+00
1.996792912532832531e+00
1.989554571194707577e+00
1.989084890476278566e+00
1.995709462799182266e+00
1.996376515912215321e+00
1.995417699683575075e+00
1.989470380961119167e+00
1.983981333643205280e+00
1.983291552533332780e+00
1.981745727005159941e+00
1.984515736607493697e+00
1.978709379087140618e+00
1.988580887361967475e+00
1.989138858513047170e+00
1.991940884689741953e+00
1.995635700867103068e+00
1.986662445051664116e+00
1.977676537063223883e+00
1.965469662406436280e+00
1.959195965071967915e+00
1.947183982943855973e+00
1.936240070209101161e+00
1.932177000090979924e+00
1.927380997563560738e+00
1.917347696993360939e+00
1.909520923073191989e+00
1.915717860900587599e+00
1.920627451010076925e+00
1.917365343835338409e+00
1.913721289062029873e+00
1.903070442199536361e+00
1.896240905165249790e+00
1.891463034139360344e+00
1.887792500501239257e+00
1.884653795359941375e+00
1.884920524221220139e+00
1.884649502255666631e+00
1.884775544257184743e+00
1.883527271189522789e+00
1.878446984251224361e+00
1.881806469998756004e+00
1.881598917234881929e+00
1.879087625522942728e+00
1.878258232877348055e+00
1.880783039652310640e+00
1.888212648072610689e+00
1.890707411638784086e+00
1.891836847729823967e+00
1.900192563982835203e+00
1.905654638434683079e+00
1.906301641799490021e+00
1.897924248761329924e+00
1.881836527779698232e+00
1.884020128272447359e+00
1.887304048741847762e+00
1.891934673733686401e+00
1.892382956303919395e+00
1.893024061241312284e+00
1.891585302051124184e+00
1.885503522467692816e+00
1.890114740966230888e+00
1.902519331415676307e+00
1.900137860418678049e+00
1.907631180689632444e+00
1.902625283316561111e+00
1.906402474482437936e+00
1.912777861466536278e+00
1.905563921648100845e+00
1.896104156823912534e+00
1.888762170845527999e+00
1.890557048732861567e+00
1.909945180002226017e+00
1.917089987319985811e+00
1.916615542113843773e+00
1.915385042100746560e+00
1.913595973089901925e+00
1.915775278631611789e+00
1.921980836903602219e+00
1.924546074488627800e+00
1.927805316303367045e+00
1.926663666090238758e+00
1.929669390753564251e+00
1.924942870990648869e+00
1.930400524213030433e+00
1.932573703403536847e+00
1.933653277187396879e+00
1.939154969613755108e+00
1.939439888155031433e+00
1.941000209852894898e+00
1.949330217800203213e+00
1.955738107940665271e+00
1.958280498973703265e+00
1.962736509035565957e+00
1.979496403406058036e+00
1.990041966500782022e+00
1.995711410680267139e+00
1.992792197900438600e+00
1.990349135182739815e+00
1.994314193955679881e+00
1.997492954448219615e+00
1.994695092649441559e+00
1.995225525940090616e+00
1.990544647873119022e+00
1.986895056295272521e+00
1.995079944543705963e+00
2.004524231650595567e+00
2.017992498662328771e+00
2.009506166447912356e+00
2.013686271441051723e+00
2.024888920647163193e+00
2.024478988182524475e+00
2.022161259982173220e+00
2.023680067003104543e+00
2.021618854798012066e+00
2.020616057870260107e+00
2.018726934147414553e+00
2.011433895553534690e+00
2.000482944543659158e+00
1.995228792883011915e+00
1.989839520190073152e+00
1.983394314561547356e+00
1.976297662053815074e+00
1.980753452133652948e+00
1.987680595837887365e+00
1.997409483280887965e+00
1.999807199352061637e+00
2.013612865346460445e+00
2.020747459834566495e+00
2.022709708725239253e+00
2.022598120519049303e+00
2.018153954152769103e+00
2.013470997765947956e+00
2.019071437571763106e+00
2.025437657757848786e+00
2.039819267598870223e+00
2.051093424371741136e+00
2.042359611134859421e+00
2.036637301586310844e+00
2.041308263403022849e+00
2.054687497998999746e+00
2.066772351377730743e+00
2.065020059477048253e+00
2.052382009736947399e+00
2.048443035949528479e+00
2.048246814584078646e+00
2.055222457119473045e+00
2.050129339389807459e+00
2.051445391715304378e+00
2.049277683191972788e+00
2.043930442882733622e+00
2.038395037591580916e+00
2.035037456719742899e+00
2.034810811496254424e+00
2.040688012344426649e+00
2.050864127048097174e+00
2.053761136885054128e+00
2.052115439239554195e+00
2.051598615941809811e+00
2.043827855743160615e+00
2.037879181223440916e+00
2.036725944348441342e+00
2.039049039456501067e+00
2.042528404174339229e+00
2.046587606223468470e+00
2.041635508323230930e+00
2.034824230780779786e+00
2.025091075554313669e+00
2.026893102322222973e+00
2.019872975993008080e+00
2.012449603010109112e+00
2.009955726053415326e+00
2.016070264860819528e+00
2.004238312040157677e+00
1.995335174175899562e+00
1.994240930141368162e+00
1.990805818988044651e+00
1.984917339780656320e+00
1.993106826676505516e+00
1.994035641597790010e+00
1.987948937980692055e+00
1.984914746004350805e+00
1.982995594607048107e+00
1.982637880074553882e+00
1.984070024345233385e+00
1.987069821364788380e+00
1.993604542724016770e+00
2.007672864502779042e+00
2.013926447932680830e+00
2.023261182424391347e+00
2.026940877645889039e+00
2.035517720104250472e+00
2.045671615846521352e+00
2.049102055695458002e+00
2.054371641746247867e+00
2.066254433523202927e+00
2.088373876945462726e+00
2.092539192780339175e+00
2.086144528559949141e+00
2.084841864448658821e+00
2.082724805338404650e+00
2.071000318456471145e+00
2.067650806780824357e+00
2.062636729836003546e+00
2.053443426215579404e+00
2.040972673372373425e+00
2.044265138801216519e+00
2.040651861245679211e+00
2.046960055789730504e+00
2.045911370557406794e+00
2.047192222783843718e+00
2.048274214031286178e+00
2.050188192659227582e+00
2.060893737887745214e+00
2.069256147141247837e+00
2.077562679972501325e+00
2.081846890323001187e+00
2.077207746925901155e+00
2.084146852108606396e+00
2.083295481213240041e+00
2.077381780342447470e+00
2.068302190472890434e+00
2.068635622762607262e+00
2.076667223163841669e+00
2.078327465934399765e+00
2.073916100768057547e+00
2.074456561939121091e+00
2.081773831446863010e+00
2.084548740974739633e+00
2.087153856183590950e+00
2.090490776962285135e+00
2.091941374031709433e+00
2.098862969550152613e+00
2.097291132342780529e+00
2.113938481126504954e+00
2.126202590818806026e+00
2.125504801875153671e+00
2.135791061995657270e+00
2.139565804903396984e+00
2.148196820359193016e+00
2.157506569414803455e+00
2.155940171140875883e+00
2.145650733058343640e+00
2.131387791169178758e+00
2.122456457397284613e+00
2.116295856206182435e+00
2.113790066023804037e+00
2.118646025436243363e+00
2.120556594603149936e+00
2.123439438753625730e+00
2.133902193948440384e+00
2.143208725801327930e+00
2.161475832853119616e+00
2.174171591345869903e+00
2.180392709977622800e+00
2.189323460622749629e+00
2.194254805346704806e+00
2.193356488760392686e+00
2.193091652089387278e+00
2.199530377810066994e+00
2.201146626225009673e+00
2.199621527403667898e+00
2.194434728332749884e+00
2.195896203238405509e+00
2.194335822321391127e+00
2.194407365998656712e+00
2.200006454511170162e+00
2.205474814661540606e+00
2.199116032536287069e+00
2.190138429625239080e+00
2.183469797948878188e+00
2.179092986122038944e+00
2.170116265254040222e+00
2.159501089425570175e+00
2.158623320517877087e+00
2.168397696440947264e+00
2.170221531125668513e+00
2.169067206778731993e+00
2.172345155585872600e+00
2.176011648898564133e+00
2.175246982490052439e+00
2.168436567369359302e+00
2.167175744725151176e+00
2.169628413321036842e+00
2.167802500515354058e+00
2.170189012739184964e+00
2.173044672015413070e+00
2.168012261637381144e+00
2.163550989420777615e+00
2.156989833842102744e+00
2.156374147289662258e+00
2.157706307562486714e+00
2.154110784868582318e+00
2.152388741430812491e+00
2.147654586592501413e+00
2.153252757015780006e+00
2.152715640691777566e+00
2.150851739227902737e+00
2.148331055822480629e+00
2.148582838875402246e+00
2.139413577658207721e+00
2.127117852212528248e+00
2.130279578232822324e+00
2.134180378805550671e+00
2.132224985280422036e+00
2.127574368575313013e+00
2.121024705374388031e+00
2.128228999096185348e+00
2.122319794425519213e+00
2.118235036489304335e+00
2.117149666828660681e+00
2.111290991625747182e+00
2.109156553756528663e+00
2.113498004111472817e+00
2.124512482178455119e+00
2.126756082556626293e+00
2.130061547723279602e+00
2.129054147218939708e+00
2.125521003759622829e+00
2.123933736058742916e+00
2.127036663402698480e+00
2.123889769808114281e+00
2.118253579176688550e+00
2.118494730927127812e+00
2.117916789124705712e+00
2.120412804643077465e+00
2.126040034258601441e+00
2.134524989003629969e+00
2.140480528951284267e+00
2.150239724416573850e+00
2.157528351117214971e+00
2.155819792931167544e+00
2.158186537581089581e+00
2.167394725515686904e+00
2.163603356140080702e+00
2.165778830613021899e+00
2.160467532699812843e+00
2.155112787235573979e+00
2.153126626007647371e+00
2.157636027840630355e+00
2.155063242499340781e+00
2.152191208087342211e+00
2.144873348067290131e+00
2.144040109605993116e+00
2.142274287712894409e+00
2.136685253422451858e+00
2.125873290145443573e+00
2.114766103602653491e+00
2.115174353132623253e+00
2.132444031703864873e+00
2.131844810849304217e+00
2.126432320258924147e+00
2.126358719997103908e+00
2.122078620252341619e+00
2.113844440783262613e+00
2.118617378490797343e+00
2.123376037580469777e+00
2.115721359226705012e+00
2.114873890277547019e+00
2.122974687354975298e+00
2.128111105877061870e+00
2.132959670083448778e+00
2.145456011474392355e+00
2.149966875971077052e+00
2.147898788203150833e+00
2.160520656262335581e+00
2.168681110591760053e+00
2.169125236660657041e+00
2.154650797959261066e+00
2.146195002296169552e+00
2.134023196705436831e+00
2.131333513024541215e+00
2.137583761917070557e+00
2.128009711846219343e+00
2.110596943149383176e+00
2.100584475482960123e+00
2.099229140102316205e+00
2.092883818524693407e+00
2.098069071970539490e+00
2.097423780975681940e+00
2.088650184547515387e+00
2.088516668996577952e+00
2.083683009888952054e+00
2.077013568114765452e+00
2.081064326239334683e+00
2.071118642103110030e+00
2.074396970468274759e+00
2.076216595773170415e+00
2.073852580654780731e+00
2.074517955299078675e+00
2.074505867890453992e+00
2.072695128859725511e+00
2.079389433430143264e+00
2.088361754372900947e+00
2.090520601809417567e+00
2.090859095074911966e+00
2.087697837972799952e+00
2.079766226681964980e+00
2.074773637550815675e+00
2.082036793563627697e+00
2.096645519382334566e+00
2.104235135946332935e+00
2.110020567838212013e+00
