1.012500071985453134e-03
1.020839047540371414e-01
2.028024902434815424e-01
3.031694918700975627e-01
4.031861195880795390e-01
5.028536034835888735e-01
6.021731642301291210e-01
7.011460073097115497e-01
7.997733370963047150e-01
8.980563701525103859e-01
9.959963264113397274e-01
1.093594380987386705e+00
1.190851727350676459e+00
1.287769527406604109e+00
1.384349015531517901e+00
1.480591347244353484e+00
1.576497708484876359e+00
1.672069251980898175e+00
1.767307164707430100e+00
1.862212584076963218e+00
1.956786672377720304e+00
2.051030616721861488e+00
2.144945557564454042e+00
2.238532627905494010e+00
2.331793003522267593e+00
2.424727800872390926e+00
2.517338138169181061e+00
2.609625143713833140e+00
2.701589957120545282e+00
2.793233752257122227e+00
2.884557550859785380e+00
2.975562565384919811e+00
3.066249851592139475e+00
3.156620573209171887e+00
3.246675776875596053e+00
3.336416597394621153e+00
3.425844079282813315e+00
3.514959386070226621e+00
3.603763558417783397e+00
3.692257699843645824e+00
3.780442887712836875e+00
3.868320186207229394e+00
3.955890719208045248e+00
4.043155524248312815e+00
4.130115642446967605e+00
4.216772198566258290e+00
4.303126175029927225e+00
4.389178716918393341e+00
4.474930785789522858e+00
4.560383479494387160e+00
